 32.7545  130.7630 12.45 Hypocenter Kumamoto 16/04/16
   30 
  33.1089 130.6949 0.0 KMMH01
  33.1220 131.0629 0.0 KMMH02
  32.9984 130.8301 0.0 KMMH03
  32.8114 131.1010 0.0 KMMH06
  32.4901 130.9040 0.0 KMMH09
  32.2918 130.5777 0.0 KMMH11
  32.6345 130.7521 0.0 KMMH14
  32.7967 130.8199 0.0 KMMH16
  32.9336 130.5477 0.0 KMM003
  32.8761 130.8774 0.0 KMM005
  32.5078 130.6024 0.0 KMM012
  32.3650 130.5099 0.0 KMM013
  32.3961 130.8268 0.0 KMM014
  32.3942 130.3885 0.0 KMM018
  32.7050 131.3089 0.0 MYZ001
  32.8179 131.3875 0.0 TKD
  32.6063 130.9151 0.0 TMC
  32.2054 130.7371 0.0 KMMH12
  32.2209 130.9096 0.0 KMMH13
  32.1704 130.3647 0.0 KMMH15
  32.8392 131.5357 0.0 OITH08
  33.2891 130.817  0.0 FKOH10
  33.3654 130.4046 0.0 SAGH04
  33.5608 130.5499 0.0 FKOH03
  33.2656 129.8798 0.0 SAGH02
  32.5181 131.3349 0.0 MYZH04
  32.2132 131.5309 0.0 MYZH08
  32.6999 129.8625 0.0 NGSH06
  31.8374 130.3602 0.0 KGSH04
  31.5618 130.9969 0.0 KGSH08
